    q         Y    main term          D  D*Y^(1/2)
    1     1e-02         1.77     -0.142    -0.0142
    1     1e-03        17.67      0.066     0.0021
    1     1e-04       176.74      0.069     0.0007
    1     1e-05      1767.36      1.283     0.0041
    7     1e-02         0.22      0.002     0.0002
    7     1e-03         2.21     -0.115    -0.0036
    7     1e-04        22.09      0.370     0.0037
    7     1e-05       220.92      0.872     0.0028
  101     1e-02         0.02     -0.017    -0.0017
  101     1e-03         0.17     -0.173    -0.0055
  101     1e-04         1.73     -1.621    -0.0162
  101     1e-05        17.33     -2.150    -0.0068
